                 4,526,465.38

  收到其他与经营活动有关的现金                                  66,644,109.51                66,737,423.53

经营活动现金流入小计                                          265,764,264.13                281,822,682.19

  购买商品、接受劳务支付的现金                                  94,304,713.14                143,885,557.94

  客户贷款及垫款净增加额

  存放中央银行和同业款项净增加额

  支付原保险合同赔付款项的现金

  拆出资金净增加额

  支付利息、手续费及佣金的现金

  支付保单红利的现金

  支付给职工以及为职工支付的现金                                66,292,268.77                59,767,046.47

  支付的各项税费                                                13,746,238.93                  5,842,987.46

  支付其他与经营活动有关的现金                                  63,344,337.61                74,700,268.78

经营活动现金流出小计                                          237,687,558.45                284,195,860.65

经营活动产生的现金流量净额                                      28,076,705.68                -2,373,178.46

二、投资活动产生的现金流量：

  收回投资收到的现金                                          699,769,166.75                398,682,701.14

  取得投资收益收到的现金                                        3,322,798.36                  1,952,433.72

  处置固定资产、无形资产和其他长期资产收回的现                    16,800.89                  2,671,766.91
金净额

  处置子公司及其他营业单位收到的现金净额

  收到其他与投资活动有关的现金                                  60,000,000.00


                    项目                              2026 年半年度                2025 年半年度

投资活动现金流入小计                                          763,108,766.00                403,306,901.77

  购建固定资产、无形资产和其他长期资产支付的现                  48,003,261.00                68,277,292.31
金

  投资支付的现金                                              703,141,205.00                420,000,000.00

  质押贷款净增加额

  取得子公司及其他营业单位支付的现金净额

  支付其他与投资活动有关的现金                                  30,000,000.00

投资活动现金流出小计                                          781,144,466.00                488,277,292.31

投资活动产生的现金流量净额                                    -18,035,700.00                -84,970,390.54

三、筹资活动产生的现金流量：

  吸收投资收到的现金

  其中：子公司吸收少数股东投资收到的现金

  取得借款收到的现金                                            3,117,365.14                28,135,000.00

  收到其他与筹资活动有关的现金

筹资活动现金流入小计                                            3,117,365.14                28,135,000.00

  偿还债务支付的现金                                                                        28,214,898.37

  分配股利、利润或偿付利息支付的现金                            11,766,522.98                11,722,293.92

  其中：子公司支付给少数股东的股利、利润

  支付其他与筹资活动有关的现金                                    666,201.06                  480,308.67

筹资活动现金流出小计                                            12,432,724.04                40,417,500.96

筹资活动产生的现金流量净额                                      -9,315,358.90                -12,282,500.96

四、汇率变动对现金及现金等价物的影响                            -1,443,393.86                  -265,351.84

五、现金及现金等价物净增加额                                      -717,747.08                -99,891,421.80

  加：期初现金及现金等价物余额                                135,235,706.46                175,737,749.70

六、期末现金及现金等价物余额                                  134,517,959.38                75,846,327.90

6、母公司现金流量表

                                                                                                单位：元

                    项目                              2026 年半年度                2025 年半年度

一、经营活动产生的现金流量：

  销售商品、提供劳务收到的现金                                163,913,212.65                137,989,935.58

  收到的税费返还                                                1,056,227.56                  2,240,133.41

  收到其他与经营活动有关的现金                                  2,782,923.00                  7,082,243.79

经营活动现金流入小计                                          167,752,363.21                147,312,312.78

  购买商品、接受劳务支付的现金                                  83,198,118.78                119,494,452.58

  支付给职工以及为职工支付的现金                                46,353,843.58                40,935,729.31

  支付的各项税费                                                13,245,821.10                  3,676,025.47

  支付其他与经营活动有关的现金                                  14,080,322.02                13,718,948.38

经营活动现金流出小计                                          156,878,105.48                177,825,155.74

经营活动产生的现金流量净额                                      10,874,257.73                -30,512,842.96

二、投资活动产生的现金流量：


                    项目                              2026 年半年度                2025 年半年度

  收回投资收到的现金                                          699,693,062.03                398,682,654.55

  取得投资收益收到的现金                                        3,242,798.36                  9,124,333.72

  处置固定资产、无形资产和其他长期资产收回的现                    16,800.89                  1,208,920.39
金净额

  处置子公司及其他营业单位收到的现金净额

  收到其他与投资活动有关的现金                                  60,000,000.00                    8,000.00

投资活动现金流入小计                                          762,952,661.28                409,023,908.66

  购建固定资产、无形资产和其他长期资产支付的现                  30,621,896.12                25,734,463.50
金

  投资支付的现金                            
