          3,300.00

合计                                                      2,211,777.27                        1,197,072.28

其他说明：
40、管理费用

                                                                                                单位：元

              项目                            本期发生额                        上期发生额

人工成本                                                13,674,996.14                        10,740,262.81

折旧与摊销                                                6,069,907.03                        5,757,803.77

维修费                                                      40,054.80                          82,522.57

租赁费/使用权资产摊销                                      167,050.84                          216,287.49

咨询费                                                    3,520,070.97                        2,932,370.82

业务招待费                                                373,510.79                          368,843.03

差旅费                                                    414,696.40                          409,952.86

办公费                                                    283,472.99                          193,366.83

环保安全费                                                263,402.98                          467,740.00

水电费                                                    1,026,437.55                        1,312,948.56

股份支付                                                  385,648.17                          943,943.76

物业费                                                    306,538.02                          204,043.22

其他                                                      987,786.20                        1,234,576.00

合计                                                    27,513,572.88                        24,864,661.72

其他说明
41、销售费用

                                                                                                单位：元

              项目                            本期发生额                        上期发生额

人工成本                                                  8,913,377.40                        7,962,977.84

广告与展览费                                              1,203,291.89                        1,403,633.65

业务招待费                                                721,777.88                          257,381.29

折旧与摊销                                                716,612.61                          551,322.35

差旅费                                                    589,852.07                          514,660.44

服务费                                                    174,825.12                          700,007.97

销售佣金                                                  331,877.67                          374,029.73

股份支付                                                    311,129.24                          816,897.85

租赁费/使用权资产摊销                                      150,124.98                          250,033.03

办公费                                                      110,834.26                          88,656.12

推广宣传费                                                  2,376.25                          125,311.77

其他                                                      922,416.69                          933,061.79


              项目                            本期发生额                        上期发生额

合计                                                    14,148,496.06                        13,977,973.83

其他说明：
42、研发费用

                                                                                                单位：元

              项目                            本期发生额                        上期发生额

人工费用                                                  8,913,580.21                        9,224,956.97

材料费                                                    2,525,448.59                        1,171,274.43

折旧与摊销                                                2,202,970.71                          627,507.56

服务费                                                    743,621.41                          699,492.17

股份支付                                                  318,208.02                          983,826.85

租赁费/使用权资产摊销                                      131,277.17                          84,330.37

其他                                                      224,743.00                          136,314.23

合计                                                    15,059,849.11                        12,927,702.58

其他说明
43、财务费用

                                                                                                单位：元

              项目                            本期发生额                        上期发生额

利息支出                                                        3.44                          150,493.92

减：利息收入                                              1,055,308.11                        1,080,102.80

汇兑损益                                                  1,443,393.86                          248,694.85

银行手续费                                                141,599.59                          169,764.47

未确认
