               7,718,259.84

  应付职工薪酬                                            5,987,391.60                        13,122,354.15

  应交税费                                                4,067,107.02                        4,844,719.36

  其他应付款                                              1,082,479.90                        1,483,568.73

    其中：应付利息

          应付股利

  持有待售负债

  一年内到期的非流动负债                                  154,989.45                          205,881.86

  其他流动负债                                          16,007,085.01                        10,419,402.48

流动负债合计                                            114,499,744.84                      108,830,767.31

非流动负债：

  长期借款

  应付债券

    其中：优先股

          永续债

  租赁负债                                                133,327.58                          293,009.50

  长期应付款

  长期应付职工薪酬

  预计负债

  递延收益                                                4,875,882.62                        5,527,943.38

  递延所得税负债                                            79,264.09                          166,661.65

  其他非流动负债

非流动负债合计                                            5,088,474.29                        5,987,614.53

负债合计                                                119,588,219.13                      114,818,381.84

所有者权益：

  股本                                                  115,718,000.00                      115,718,000.00

  其他权益工具

    其中：优先股

          永续债

  资本公积                                              771,008,420.58                      769,728,646.28

  减：库存股

  其他综合收益

  专项储备

  盈余公积                                              38,050,678.47                        35,561,617.03


              项目                            期末余额                          期初余额

  未分配利润                                            230,782,793.29                      219,953,040.35

所有者权益合计                                        1,155,559,892.34                    1,140,961,303.66

负债和所有者权益总计                                  1,275,148,111.47                    1,255,779,685.50

3、合并利润表

                                                                                                单位：元

                    项目                              2026 年半年度                2025 年半年度

一、营业总收入                                                243,191,826.17                223,328,869.23

  其中：营业收入                                              243,191,826.17                223,328,869.23

        利息收入

        已赚保费

        手续费及佣金收入

二、营业总成本                                                218,446,793.55                208,663,434.43

  其中：营业成本                                              158,947,855.65                156,173,992.40

        利息支出

        手续费及佣金支出

        退保金

        赔付支出净额

        提取保险责任准备金净额

        保单红利支出

        分保费用

        税金及附加                                              2,211,777.27                  1,197,072.28

        销售费用                                                14,148,496.06                13,977,973.83

        管理费用                                                27,513,572.88                24,864,661.72

        研发费用                                                15,059,849.11                12,927,702.58

        财务费用                                                  565,242.58                  -477,968.38

          其中：利息费用                                                3.44                  150,493.92

                利息收入                                        1,055,308.11                  1,080,102.80

  加：其他收益                                                  2,107,574.44                  993,792.20

      投资收益（损失以“—”号填列）                            3,554,498.78                  2,547,064.44

          其中：对联营企业和合营企业的投资收益                      -8,635.63                    61,233.93

                以摊余成本计量的金融资产终止确

认收益

      汇兑收益（损失以“—”号填列）

      净敞口套期收益（损失以“—”号填列）

      公允价值变动收益（损失以“—”号填列）                      154,979.45                  861,987.67

      信用减值损失（损失以“—”号填列）                          -531,609.95                -1,258,418.30

      资产减值损失（损失以“—”号填列）                          -736,817.49                -1,516,639.59

      资产处置收益（损失以“—”号填列）                          16,453.58                    -49,584.89

三、营业利润（亏损以“—”号填列）                              29,310,111.43                16,243,636.33

  加：营业外收入                                                  618,687.35                    17,474.24


                    项目                              2026 年半年度                2025 年半年度

  减：营业外支出                                                  335,701.69                  130,492.83

四、利润总额（亏损总额以“—”号填列）                          29,593,097.09                16,130,617.74

  减：所得税费用                                                  746,254.97                  1,895,916.90

五、净利润（净亏损以“—”号填列）                              28,846,842.12                14,234,700.84

  （一）按经营持续性分类

    1.持续经营净利润（净亏损以“—”号填列）                    28,846,842.12        
