  973,869.95

环保安全费                                                786,588.49                          882,167.50

租赁费/使用权资产摊销                                      428,680.08                          784,486.21

办公费                                                    382,816.20                          448,793.57

车辆费用                                                  321,771.46                          382,551.69

股份支付                                                  177,772.07                          938,269.93

其他                                                      3,481,070.27                        1,974,811.79

合计                                                    54,302,404.21                        44,187,703.81

其他说明：
41、销售费用

                                                                                                单位：元

              项目                            本期发生额                        上期发生额

人工成本                                                18,589,882.89                        16,104,355.98

推广宣传费                                                1,718,955.97                          872,221.52

差旅费                                                    1,639,111.19                        1,531,688.68

广告与展览费                                              1,441,747.46                        1,149,110.47

折旧与摊销                                                1,183,820.66                          706,880.00

业务招待费                                                1,135,412.59                        1,199,619.13

服务费                                                    1,044,247.79                          656,944.21

办公费                                                    914,622.05                        1,305,973.06

销售佣金                                                  597,054.09                          244,243.74

租赁费/使用权资产摊销                                      442,939.81                          330,935.40

股份支付                                                    90,272.27                          739,817.16


其他                                                      1,107,185.32                          898,350.94

合计                                                    29,905,252.09                        25,740,140.29

其他说明：
42、研发费用

                                                                                                单位：元

              项目                            本期发生额                        上期发生额

人工费用                                                20,541,748.79                        19,713,125.66

材料费                                                    3,523,802.17                        5,250,281.00

折旧与摊销                                                3,002,917.85                        1,127,732.13

服务费                                                    1,804,796.20                          494,929.61

股份支付                                                  178,313.40                          836,199.58

租赁费/使用权资产摊销                                      163,016.83                          155,755.21

其他                                                      345,042.43                          292,538.36

合计                                                    29,559,637.67                        27,870,561.55

其他说明：
43、财务费用

                                                                                                单位：元

              项目                            本期发生额                        上期发生额

利息支出                                                  150,093.92                          136,666.66

减：利息收入                                              2,529,435.95                        9,691,943.27

汇兑损益                                                  889,061.08                          -702,832.52

银行手续费                                                313,228.28                          329,615.07

未确认融资费用                                              93,647.11                          72,545.47

合计                                                    -1,083,405.56                        -9,855,948.59

其他说明：
44、其他收益

                                                                                                单位：元

      产生其他收益的来源                    本期发生额                        上期发生额

政府补助                                                  2,240,870.95                        1,876,216.75

增值税加计抵减                                            1,955,333.20                        1,762,024.07

个税返还                                                    115,918.31                            7,644.55

合计                                                      4,312,122.46                        3,645,885.37

45、公允价值变动收益

                                                                                                单位：元

  产生公允价值变动收益的来源                本期发生额                        上期发生额

交易性金融资产                                            637,960.50                        2,299,258.76

其他非流动金融资产   
