          2,100,000.00

投资活动现金流出小计                                        1,576,807,935.29              1,288,327,301.69

投资活动产生的现金流量净额                                    -78,426,681.21              -501,743,024.57

三、筹资活动产生的现金流量：

  吸收投资收到的现金

  其中：子公司吸收少数股东投资收到的现金

  取得借款收到的现金                                            40,654,750.00                  214,898.37

  收到其他与筹资活动有关的现金

筹资活动现金流入小计                                            40,654,750.00                  214,898.37

  偿还债务支付的现金                                            28,000,000.00                11,258,981.26

  分配股利、利润或偿付利息支付的现金                            17,570,458.89                42,957,368.33

  其中：子公司支付给少数股东的股利、利润

  支付其他与筹资活动有关的现金                                  1,270,533.07                  4,429,353.19

筹资活动现金流出小计                                            46,840,991.96                58,645,702.78

筹资活动产生的现金流量净额                                      -6,186,241.96                -58,430,804.41

四、汇率变动对现金及现金等价物的影响                              -889,061.08                  566,125.77

五、现金及现金等价物净增加额                                  -40,502,043.24              -541,371,834.39

  加：期初现金及现金等价物余额                                175,737,749.70                717,109,584.09

六、期末现金及现金等价物余额                                  135,235,706.46                175,737,749.70

6、母公司现金流量表

                                                                                                单位：元

                    项目                                2025 年度                    2024 年度

一、经营活动产生的现金流量：

  销售商品、提供劳务收到的现金                                277,468,421.35                270,966,276.15

  收到的税费返还                                                3,668,080.49                  6,581,342.25

  收到其他与经营活动有关的现金                                  14,660,472.56                  9,850,607.55

经营活动现金流入小计                                          295,796,974.40                287,398,225.95

  购买商品、接受劳务支付的现金                                164,702,160.83                162,471,237.87

  支付给职工以及为职工支付的现金                                80,492,425.87                72,014,641.30

  支付的各项税费                                                12,265,834.49                  8,254,328.88

  支付其他与经营活动有关的现金                                  10,063,501.43                22,622,067.02

经营活动现金流出小计                                          267,523,922.62                265,362,275.07

经营活动产生的现金流量净额                                      28,273,051.78                22,035,950.88

二、投资活动产生的现金流量：

  收回投资收到的现金                                        1,489,614,155.01                779,314,250.27

  取得投资收益收到的现金                                        14,802,443.92                  1,777,161.26

  处置固定资产、无形资产和其他长期资产收回的现                    76,528.05                  6,165,387.22
金净额

  处置子公司及其他营业单位收到的现金净额

  收到其他与投资活动有关的现金                                                                927,000.00

投资活动现金流入小计                                        1,504,493,126.98                788,183,798.75

  购建固定资产、无形资产和其他长期资产支付的现                  50,088,323.07                120,138,001.41
金

  投资支付的现金                                            1,458,005,000.00              1,147,146,000.00

  取得子公司及其他营业单位支付的现金净额

  支付其他与投资活动有关的现金                                  48,140,000.00                39,000,000.00

投资活动现金流出小计                                        1,556,233,323.07              1,306,284,001.41


投资活动产生的现金流量净额                                    -51,740,196.09              -518,100,202.66

三、筹资活动产生的现金流量：
吸收投资收到的现金

取得借款收到的现金                                            28,000,000.00

收到其他与筹资活动有关的现金

筹资活动现金流入小计                                            28,000,000.00

偿还债务支付的现金                                            28,000,000.00                  5,000,000.00

分配股利、利润或偿付利息支付的现金                            17,507,793.92                42,857,368.33

支付其他与筹资活动有关的现金                                    166,500.00                  276,000.00

筹资活动现金流出小计                                            45,674,293.92                48,133,368.33

筹资活动产生的现金流量净额                                    -17,674,293.92                -48,133,368.33

四、汇率变动对现金及现金等价物的影响                              -536,208.96                  839,426.00

五、现金及现金等价物净增加额                                  -41,677,647.19              -543,358,194.11

加：期初现金及现金等价物余额                                157,283,550.45                700,641,744.56

六、期末现金及现金等价物余额                                  115,605,903.26                157,283,550.45


    7、合并所有者权益变动表

    本期金额

                                                                                                                                                        单位：元

                                                                                    2025 年度

                                                                  归属于母公司所有者权益

                                                                         
