                                                  单位：元

              项目                              本期                              上期

调整前上期末未分配利润                                  250,769,397.49                      260,711,633.98

调整后期初未分配利润                                    250,769,397.49                      260,711,633.98

加：本期归属于母公司所有者的净利                        35,491,370.98                        36,959,317.91
润

减：提取法定盈余公积                                      3,208,359.53                        4,085,894.40

    应付普通股股利                                      17,357,700.00                        42,815,660.00

期末未分配利润                                          265,694,708.94                      250,769,397.49

调整期初未分配利润明细：
1）、由于《企业会计准则》及其相关新规定进行追溯调整，影响期初未分配利润 0.00 元。
2）、由于会计政策变更，影响期初未分配利润 0.00 元。
3）、由于重大会计差错更正，影响期初未分配利润 0.00 元。
4）、由于同一控制导致的合并范围变更，影响期初未分配利润 0.00 元。
5）、其他调整合计影响期初未分配利润 0.00 元。
使用资本公积弥补亏损详细情况说明：
38、营业收入和营业成本

                                                                                                单位：元

                                    本期发生额                                上期发生额

      项目

                            收入                成本                收入                成本

主营业务                  434,313,575.56        299,721,773.89        401,771,581.38        268,968,921.03

其他业务                    30,257,990.05        19,518,912.36        14,106,994.83        10,546,163.59

合计                      464,571,565.61        319,240,686.25        415,878,576.21        279,515,084.62

公司报告期内经审计利润总额、净利润、扣除非经常性损益后的净利润三者孰低为负值

□是 否
营业收入、营业成本的分解信息：

                                                                                                单位：元

                                    分部 1                                    合计

    合同分类

                        营业收入            营业成本              营业收入            营业成本

业务类型                464,571,565.61        319,240,686.25        464,571,565.61      319,240,686.25

其中：

光学元件                180,665,032.23        128,922,417.04        180,665,032.23      128,922,417.04

光学组件                233,775,685.85        156,995,049.05        233,775,685.85      156,995,049.05

光学系统方案与检测      50,130,847.53          33,323,220.16          50,130,847.53        33,323,220.16

设计工具及其他

按经营地区分类          464,571,565.61        319,240,686.25        464,571,565.61      319,240,686.25

  其中：

境内                    369,667,760.02        268,414,946.03        369,667,760.02      268,414,946.03

境外                    94,903,805.59          50,825,740.22          94,903,805.59        50,825,740.22

市场或客户类型

  其中：
合同类型

  其中：

按商品转让的时间分      464,571,565.61        319,240,686.25        464,571,565.61      319,240,686.25

类

  其中：

在某一时点转让          464,571,565.61        319,240,686.25        464,571,565.61      319,240,686.25

按合同期限分类

  其中：
按销售渠道分类

  其中：

合计                    464,571,565.61        319,240,686.25        464,571,565.61      319,240,686.25

其他说明

  公司主要销售光学等元件、组件产品，属于在某一时点履行履约义务。公司按照合同（订单）约定的产品的品种、规格、型号、质量、数量等履行相应的履约义务。
与分摊至剩余履约义务的交易价格相关的信息：

  本报告期末已签订合同、但尚未履行或尚未履行完毕的履约义务所对应的收入金额为 118,737,594.09 元，其中，118,737,594.09 元预计将于 2026 年度确认收入。
合同中可变对价相关信息：
重大合同变更或重大交易价格调整
其他说明：

39、税金及附加

                                                                                                单位：元

              项目                            本期发生额                        上期发生额

城市维护建设税                                            750,326.30                          96,833.75

教育费附加                                                535,947.33                          69,166.94

房产税                                                    1,546,569.18                        1,467,591.52

土地使用税                                                205,882.80                          205,882.80

车船使用税                                                  4,920.00                            4,620.00

印花税                                                    232,106.58                          240,883.29

合计                                                      3,275,752.19                        2,084,978.30

其他说明：
40、管理费用

                                                                                                单位：元

              项目                            本期发生额                        上期发生额

人工成本                                                27,088,907.19                        21,971,666.61

折旧与摊销                                              10,121,275.10                        9,832,041.31

水电物业费                                                3,940,339.27                        2,143,763.50

咨询费                                                    2,701,593.65                        1,106,760.45

服务费                                                    2,997,635.19                        1,726,362.20

差旅费                                                    1,086,112.73                        1,022,159.10

业务招待费                                                787,842.51                        
