                                     769,728,646.28                769,219,659.58

  减：库存股

  其他综合收益

  专项储备

  盈余公积                                                      35,561,617.03                32,353,257.50

  未分配利润                                                  219,953,040.35                208,435,504.60

所有者权益合计                                              1,140,961,303.66              1,125,726,421.68

负债和所有者权益总计                                        1,255,779,685.50              1,272,016,145.38

3、合并利润表

                                                                                                单位：元

                    项目                                2025 年度                    2024 年度

一、营业总收入                                                464,571,565.61                415,878,576.21

  其中：营业收入                                              464,571,565.61                415,878,576.21

        利息收入

        已赚保费

        手续费及佣金收入

二、营业总成本                                                435,200,326.85                369,542,519.98

  其中：营业成本                                              319,240,686.25                279,515,084.62

        利息支出

        手续费及佣金支出

        退保金

        赔付支出净额


      提取保险责任合同准备金净额

      保单红利支出

      分保费用

      税金及附加                                              3,275,752.19                  2,084,978.30

      销售费用                                                29,905,252.09                25,740,140.29

      管理费用                                                54,302,404.21                44,187,703.81

      研发费用                                                29,559,637.67                27,870,561.55

      财务费用                                                -1,083,405.56                -9,855,948.59

        其中：利息费用                                          150,093.92                  136,666.66

              利息收入                                        2,529,435.95                  9,691,943.27

加：其他收益                                                  4,312,122.46                  3,645,885.37

    投资收益（损失以“－”号填列）                            6,104,086.09                  2,592,320.36

        其中：对联营企业和合营企业的投资收益                    22,144.92                  -155,000.77

              以摊余成本计量的金融资产终止确

认收益

    汇兑收益（损失以“-”号填列）

    净敞口套期收益（损失以“－”号填列）

    公允价值变动收益（损失以“－”号填列）                    2,725,329.68                  2,299,258.76

    信用减值损失（损失以“-”号填列）                        -1,349,636.95                -2,376,597.85

    资产减值损失（损失以“-”号填列）                        -7,717,834.96                -6,880,174.34

    资产处置收益（损失以“-”号填列）                          -231,375.21                  331,653.42

三、营业利润（亏损以“－”号填列）                              33,213,929.87                45,948,401.95

加：营业外收入                                                  53,452.66                  177,449.35

减：营业外支出                                                  191,437.14                  316,578.16

四、利润总额（亏损总额以“－”号填列）                          33,075,945.39                45,809,273.14

减：所得税费用                                                -2,415,425.59                  8,983,586.19

五、净利润（净亏损以“－”号填列）                              35,491,370.98                36,825,686.95

（一）按经营持续性分类

  1.持续经营净利润（净亏损以“－”号填列）                    35,491,370.98                36,825,686.95

  2.终止经营净利润（净亏损以“－”号填列）
（二）按所有权归属分类

  1.归属于母公司股东的净利润                                  35,491,370.98                36,959,317.91

  2.少数股东损益                                                                            -133,630.96

六、其他综合收益的税后净额                                      -1,882,196.91                  889,178.74

归属母公司所有者的其他综合收益的税后净额                      -1,882,196.91                  889,178.74

  （一）不能重分类进损益的其他综合收益

    1.重新计量设定受益计划变动额

    2.权益法下不能转损益的其他综合收益

    3.其他权益工具投资公允价值变动

    4.企业自身信用风险公允价值变动

    5.其他

  （二）将重分类进损益的其他综合收益                          -1,882,196.91                  889,178.74

    1.权益法下可转损益的其他综合收益

    2.其他债权投资公允价值变动

    3.金融资产重分类计入其他综合收益的金额

    4.其他债权投资信用减值准备

    5.现金流量套期储备

    6.外币财务报表折算差额                                    -1,882,196.91                  889,178.74


      7.其他

  归属于少数股东的其他综合收益的税后净额

七、综合收益总额                                                33,609,174.07                37,714,865.69

  归属于母公司所有者的综合收益总额                              33,609,174.07                37,848,496.65

  归属于少数股东的综合收益总额                                                                -133,630.96

八、每股收益：

  （一）基本每股收益                                                    0.31                        0.32

  （二）稀释每股收益                                                    0.31                        0.32

本期发生同一控制下企业合并的，被合并方在合并前实现的净利润为：0.00 元，上期被合并方实现的净利润为：0.00 元。
法定代表人：吴玉堂                    主管会计工作负责人：唐志平                  会计机构负责人：唐志平
4、母公司利润表

                                                                                                单位：元

                    项目                                2
