025 年度                    2024 年度

一、营业收入                                                  370,849,448.38                319,959,549.31

  减：营业成本                                                254,467,581.90                221,504,453.05

      税金及附加                                                2,967,989.96                  1,828,966.65

      销售费用                                                  15,828,056.40                13,612,819.80

      管理费用                                                  41,488,706.10                31,802,776.68

      研发费用                                                  23,692,005.80                20,352,536.26

      财务费用                                                    418,930.31                -8,095,942.70

        其中：利息费用                                            162,303.63                    36,666.66

              利息收入                                            347,440.74                  7,314,976.43

  加：其他收益                                                  4,157,604.82                  3,377,982.66

      投资收益（损失以“－”号填列）                            6,001,940.17                  9,932,674.54

        其中：对联营企业和合营企业的投资收益

              以摊余成本计量的金融资产终止确认

收益（损失以“-”号填列）

      净敞口套期收益（损失以“－”号填列）

      公允价值变动收益（损失以“－”号填列）                      637,960.50                  2,299,258.76

      信用减值损失（损失以“-”号填列）                        -2,252,828.49                -1,180,145.91

      资产减值损失（损失以“-”号填列）                        -6,228,030.55                -5,086,143.61

      资产处置收益（损失以“-”号填列）                            5,168.45                  331,653.42

二、营业利润（亏损以“－”号填列）                              34,307,992.81                48,629,219.43

  加：营业外收入                                                  25,422.18                    47,024.23

  减：营业外支出                                                  63,748.44                  207,909.10

三、利润总额（亏损总额以“－”号填列）                          34,269,666.55                48,468,334.56

  减：所得税费用                                                2,186,071.27                  7,609,390.54

四、净利润（净亏损以“－”号填列）                              32,083,595.28                40,858,944.02

  （一）持续经营净利润（净亏损以“－”号填列）                  32,083,595.28                40,858,944.02

  （二）终止经营净利润（净亏损以“－”号填列）
五、其他综合收益的税后净额

    （一）不能重分类进损益的其他综合收益

      1.重新计量设定受益计划变动额

      2.权益法下不能转损益的其他综合收益

      3.其他权益工具投资公允价值变动

      4.企业自身信用风险公允价值变动


      5.其他

    （二）将重分类进损益的其他综合收益

      1.权益法下可转损益的其他综合收益

      2.其他债权投资公允价值变动

      3.金融资产重分类计入其他综合收益的金额

      4.其他债权投资信用减值准备

      5.现金流量套期储备

      6.外币财务报表折算差额

      7.其他

六、综合收益总额                                                32,083,595.28                40,858,944.02

七、每股收益：

  （一）基本每股收益

  （二）稀释每股收益
5、合并现金流量表

                                                                                                单位：元

                    项目                                2025 年度                    2024 年度

一、经营活动产生的现金流量：

  销售商品、提供劳务收到的现金                                402,665,079.03                372,004,832.71

  客户存款和同业存放款项净增加额

  向中央银行借款净增加额

  向其他金融机构拆入资金净增加额

  收到原保险合同保费取得的现金

  收到再保业务现金净额

  保户储金及投资款净增加额

  收取利息、手续费及佣金的现金

  拆入资金净增加额

  回购业务资金净增加额

  代理买卖证券收到的现金净额

  收到的税费返还                                                9,213,117.35                13,143,324.97

  收到其他与经营活动有关的现金                                  73,401,326.00                59,176,794.47

经营活动现金流入小计                                          485,279,522.38                444,324,952.15

  购买商品、接受劳务支付的现金                                203,056,187.21                221,924,652.74

  客户贷款及垫款净增加额

  存放中央银行和同业款项净增加额

  支付原保险合同赔付款项的现金

  拆出资金净增加额

  支付利息、手续费及佣金的现金

  支付保单红利的现金

  支付给职工以及为职工支付的现金                              118,202,442.93                102,881,394.47

  支付的各项税费                                                19,472,553.24                11,299,396.48

  支付其他与经营活动有关的现金                                  99,548,397.99                89,983,639.64

经营活动现金流出小计                                          440,279,581.37                426,089,083.33

经营活动产生的现金流量净额                                      44,999,941.01                18,235,868.82

二、投资活动产生的现金流量：

  收回投资收到的现金                                        1,489,614,155.01                779,314,250.27

  取得投资收益收到的现金                                        7,697,044.92                  1,777,161.26

  处置固定资产、无形资产和其他长期资产收回的现                  1,070,054.15                  1,078,865.59
金净额

  处置子公司及其他营业单位收到的现金净额

  收到其他与投资活动有关的现金                                                                4,414,000.00


投资活动现金流入小计                                        1,498,381,254.08                786,584,277.12

  购建固定资产、无形资产和其他长期资产支付的现                106,332,035.29                131,961,301.69
金

  投资支付的现金                                            1,438,000,000.00              1,154,266,000.00

  质押贷款净增加额

  取得子公司及其他营业单位支付的现金净额

  支付其他与投资活动有关的现金                                  32,475,900.00        
