                   777,277,582.21                776,768,595.51

  减：库存股

  其他综合收益                                                  2,618,528.59                  4,500,725.50

  专项储备

  盈余公积                                                      35,561,617.03                32,353,257.50

  一般风险准备

  未分配利润                                                  265,694,708.94                250,769,397.49

归属于母公司所有者权益合计                                  1,196,870,436.77              1,180,109,976.00

  少数股东权益

所有者权益合计                                              1,196,870,436.77              1,180,109,976.00

负债和所有者权益总计                                        1,387,029,424.75              1,386,698,125.64

法定代表人：吴玉堂                  主管会计工作负责人：唐志平                  会计机构负责人：唐志平

2、母公司资产负债表

                                                                                                单位：元

                    项目                                期末余额                    期初余额

流动资产：

  货币资金                                                    145,610,267.41                161,747,038.86

  交易性金融资产                                              344,637,960.50                398,229,258.76

  衍生金融资产

  应收票据                                                      25,359,711.05                15,076,733.56

  应收账款                                                    112,704,570.30                90,947,869.11

  应收款项融资                                                  7,478,613.05                  1,896,220.58

  预付款项                                                      16,737,794.80                13,198,279.15

  其他应收款                                                    71,057,944.87                81,086,976.40

    其中：应收利息

          应收股利                                                                            7,185,400.00

  存货                                                        148,765,736.51                150,151,440.02

    其中：数据资源

合同资产
持有待售资产
一年内到期的非流动资产

其他流动资产                                                    65,162.72                  3,258,285.96

流动资产合计                                                  872,417,761.21                915,592,102.40

非流动资产：
债权投资
其他债权投资
长期应收款

长期股权投资                                                  56,503,074.12                35,477,344.72

其他权益工具投资
其他非流动金融资产
投资性房地产

固定资产                                                    232,860,599.65                234,167,645.12

在建工程                                                      52,414,784.70                41,664,735.12

生产性生物资产
油气资产

使用权资产                                                      473,117.12                    30,031.70

无形资产                                                      21,162,264.16                21,891,511.88

  其中：数据资源
开发支出

  其中：数据资源
商誉

长期待摊费用                                                  6,679,534.55                  2,995,261.21

递延所得税资产                                                6,607,497.70                  5,160,244.31

其他非流动资产                                                6,661,052.29                15,037,268.92

非流动资产合计                                                383,361,924.29                356,424,042.98

资产总计                                                    1,255,779,685.50              1,272,016,145.38

流动负债：
短期借款
交易性金融负债
衍生金融负债

应付票据                                                                                  15,135,000.00

应付账款                                                      71,036,580.89                92,479,246.48

预收款项

合同负债                                                      7,718,259.84                  7,762,703.99

应付职工薪酬                                                  13,122,354.15                10,566,680.75

应交税费                                                      4,844,719.36                  1,725,818.90

其他应付款                                                    1,483,568.73                  4,955,748.47

  其中：应付利息

        应付股利

持有待售负债


  一年内到期的非流动负债                                          205,881.86                    31,185.27

  其他流动负债                                                  10,419,402.48                  8,319,964.84

流动负债合计                                                  108,830,767.31                140,976,348.70

非流动负债：

  长期借款

  应付债券

    其中：优先股

          永续债

  租赁负债                                                        293,009.50

  长期应付款

  长期应付职工薪酬

  预计负债

  递延收益                                                      5,527,943.38                  4,963,981.43

  递延所得税负债                                                  166,661.65                  349,393.57

  其他非流动负债

非流动负债合计                                                  5,987,614.53                  5,313,375.00

负债合计                                                      114,818,381.84                146,289,723.70

所有者权益：

  股本                                                        115,718,000.00                115,718,000.00

  其他权益工具

    其中：优先股

          永续债

  资本公积               
